0.0001 526.99
0.000102332120091 538.650600457
0.000104718628024 550.580099034
0.000107160792187 562.756589992
0.000109659910552 575.189189506
0.000112217311358 587.918500483
0.000114834353822 600.91863389
0.00011751242886 614.23529076
0.000120252959823 627.818371355
0.000123057403259 641.695017732
0.000125927249685 655.89852035
0.000128864024375 670.414758395
0.000131869288178 685.236718802
0.000134944638342 700.357084688
0.000138091709365 715.878339609
0.000141312173864 731.71559988
0.000144607743462 747.876536951
0.000147980169701 764.41066348
0.000151431244969 781.295318973
0.000154962803458 798.576037776
0.000158576722132 816.223291398
0.000162274921729 834.265062792
0.000166059367781 852.719685206
0.000169932071661 871.56092487
0.000173895091646 890.801525187
0.000177950534016 910.502822582
0.000182100554172 930.619748609
0.000186347357783 951.178940781
0.000190693201953 972.168965049
0.000195140396429 993.643217548
0.00019969130482 1015.57394801
0.000204348345861 1038.02994554
0.000209113994691 1060.91746852
0.000213990784175 1084.37042417
0.000218981306246 1108.28649132
0.000224088213286 1132.74924125
0.00022931421953 1157.70313893
0.000234662102516 1183.26476418
0.000240134704556 1209.3538351
0.000245734934247 1236.02781818
0.00025146576802 1263.24674739
0.000257330251719 1291.10390079
0.00026333150222 1319.53438551
0.00026947270909 1348.62696688
0.00027575713628 1378.39845961
0.000282188123858 1408.74972676
0.00028876908979 1439.7089141
0.000295503531751 1471.44630855
0.000302395028985 1503.77320034
0.000309447244212 1536.90239201
0.000316663925566 1570.72532555
0.000324048908596 1605.28667281
0.000331606118299 1640.61275979
0.000339339571208 1676.58952069
0.000347253377526 1713.46037706
0.000355351743312 1751.07144714
0.000363638972712 1789.54448149
0.000372119470255 1828.82143451
0.000380797743185 1868.9115393
0.000389678403861 1909.86938502
0.000398766172209 1951.76435299
0.000408065878228 1994.4880368
0.000417582464561 2038.14107568
0.000427320989115 2082.7695984
0.000437286627756 2128.347655
0.000447484677059 2174.87437172
0.000457920557118 2222.38435054
0.000468599814433 2270.92229912
0.000479528124854 2320.53412096
0.000490711296597 2371.15718768
0.000502155273336 2422.8548806
0.000513866137355 2475.64870894
0.000525850112787 2529.54085287
0.000538113568917 2584.57169431
0.000550663023572 2640.81911071
0.000563505146581 2698.18682515
0.00057664676332 2756.76787854
0.000590094858344 2816.53817919
0.000603856579093 2877.6051253
0.000617939239697 2939.91325099
0.000632350324858 3003.58822265
0.000647097493832 3068.46018093
0.000662188584496 3134.70919632
0.000677631617518 3202.35289381
0.000693434800615 3271.41777918
0.000709606532921 3341.89101884
0.000726155409445 3413.7649562
0.000743090225643 3487.0713508
0.000760419982092 3561.92822216
0.000778153889273 3638.29084964
0.000796301372466 3716.20147178
0.000814872076761 3795.63051974
0.000833875872182 3876.75825599
0.000853322858934 3959.44316426
0.000873223372772 4043.75621703
0.00089358799049 4129.7970052
0.000914427535551 4217.51789485
0.000935753083828 4307.00002896
0.000957575969501 4398.13702763
0.000979907791076 4491.17975135
0.00100276041755 4585.87090305
0.00102614599471 4682.55123667
0.00105007695162 4781.16253476
0.00107456600719 4881.50944998
0.00109962617694 4983.88393336
0.00112527077994 5088.11857948
0.00115151344588 5194.38091335
0.0011783681223 5302.57252623
0.00120584908203 5412.99383089
0.00123397093075 5525.20062346
0.00126274861475 5639.54091196
0.00129219742889 5756.1499823
0.00132233302475 5874.90528414
0.0013531714189 5995.53840761
0.00138472900143 6118.6106987
0.00141702254468 6243.93458101
0.00145006921214 6371.28960101
0.00148388656758 6500.85740609
0.00151849258435 6633.06604431
0.001553905655 6767.12515304
0.00159014460098 6903.59790588
0.0016272286827 7042.47692689
0.00166517760974 7183.75593501
0.00170401155134 7327.3966098
0.00174375114708 7473.31851344
0.00178441751793 7622.03850249
0.00182603227738 7772.7420579
0.00186861754299 7925.99216064
0.00191219594814 8081.67980478
0.00195679065404 8239.8361844
0.00200242536203 8400.41119626
0.00204912432621 8563.7843191
0.00209691236632 8729.24156176
0.00214581488091 8897.15326674
0.00219585786087 9067.76879672
0.00224706790322 9240.80744166
0.00229947222526 9416.24227116
0.00235309867902 9594.14508874
0.00240797576608 9774.67657093
0.00246413265272 9957.54593992
0.00252159918539 10143.1871153
0.00258040590661 10330.8327264
0.0026405840712 10520.623037
0.00270216566285 10713.4233028
0.00276518341118 10908.4770839
0.00282967080907 11105.5850872
0.00289566213053 11305.4015952
0.00296319244885 11507.4413322
0.0030322976553 11711.616242
0.00310301447815 11918.314014
0.00317538050223 12126.8439826
0.0032494341889 12337.6471871
0.00332521489647 12550.1311023
0.00340276290116 12765.0604014
0.00348211941843 12981.6731417
0.003563326625 13200.3303147
0.00364642768114 13421.5374969
0.00373146675371 13643.9146414
0.00381848903957 13867.6755755
0.00390754078965 14093.5336914
0.00399866933348 14320.21633
0.0040919231044 14549.0232286
0.00418735166524 14778.4362276
0.00428500573472 15009.8394433
0.00438493721437 15241.6548533
0.00448719921614 15475.6294584
0.0045918460906 15711.3354469
0.00469893345584 15948.2644516
0.00480851822705 16184.5728524
0.00492065864671 16419.4387043
0.00503541431564 16651.764303
0.00515284622458 16879.6691717
0.00527301678666 17105.5102848
0.00539598987056 17331.3035581
0.00552183083446 17558.9141982
0.00565060656076 17790.5540024
0.00578238549165 18024.4499547
0.00591723766546 18258.6505949
0.00605523475391 18492.1880253
0.00619645010018 18724.1930871
0.00634095875792 18953.6448705
0.00648883753109 19181.2858858
0.00664016501485 19406.9937719
0.00679502163726 19630.1386488
0.00695348970208 19851.1971711
0.00711565343247 20069.5583588
0.0072815990158 20284.9850543
0.00745141464942 20497.059643
0.00762519058755 20706.6530372
0.00780301918924 20912.0832569
0.00798499496749 21113.2668285
0.00817121463942 21309.67027
0.00836177717773 21501.9652004
0.00855678386329 21689.0538128
0.00875633833894 21871.0273662
0.0089605466646 22047.8972672
0.00916951737366 22219.5418983
0.00938336153062 22383.4021735
0.00960219279011 22541.004393
0.00982612745738 22691.5538809
0.01005528455 22835.4717375
0.0102897858613 22970.9774344
0.0105297560247 23099.0626796
0.0107753225805 23219.1888535
0.0110266160433 23328.8173149
0.0112837699715 23430.2262728
0.011546921038 23521.5951632
0.0118162091035 23603.8605065
0.01209177729 23675.5014942
0.0123737720576 23736.184451
0.0126623432818 23786.0457709
0.0129576443335 23823.5431137
0.0132598321604 23850.1885215
0.0135690673703 23865.1348301
0.0138855143166 23868.3302732
0.0142093411858 23858.113141
0.0145407200864 23833.5015209
0.014879827141 23792.9170812
0.0152268425793 23735.7291843
0.0155819508344 23665.4527081
0.0159453406404 23584.6377126
0.0163172051331 23495.6116753
0.0166977419524 23401.9553009
0.0170871533473 23300.7711589
0.0174856462835 23187.6312539
0.0178934325536 23058.0245011
0.0183107288892 22907.7211899
0.0187377570765 22735.2543823
0.019174744074 22540.4554623
0.019621922133 22324.3645109
0.0200795289213 22087.207023
0.0205478076496 21830.0504059
0.0210270072001 21556.9910764
0.0215173822596 21270.6239263
0.0220191934544 20973.4180146
0.0225327074889 20666.1507673
0.0230581972874 20350.469441
0.023595942139 20027.2537858
0.0241462278464 19696.0634229
0.0247093468773 19357.7918736
0.0252855985203 19011.6580324
0.0258752890436 18657.1511392
0.0264787318581 18294.9608852
0.0270962476837 17924.0123805
0.0277281647199 17544.5511374
0.0283748188203 17157.6738487
0.0290365536709 16765.9486176
0.0297137209729 16370.6891644
0.0304066806296 15973.5321118
0.0311158009377 15575.6710323
0.0318414587829 15182.5320028
0.0325840398406 14792.4352499
0.0333439387803 14408.6779648
0.0341215594758 14032.0069454
0.0349173152198 13662.8786169
0.0357316289434 13303.5867807
0.036564933441 12954.6100881
0.0374176716002 12616.8084074
0.0382902966373 12290.771916
0.0391832723382 11976.46745
0.0400970733048 11674.4106225
0.0410321852074 11384.4391207
0.0419891050425 11108.9720381
0.0429683413974 10850.753689
0.0439704147201 10607.8247186
0.044995857596 10380.9299048
0.0460452150313 10170.2948199
0.0471190447421 9973.72038285
0.0482179174514 9789.20067226
0.0493424171919 9616.22444723
0.0504931416168 9453.05494766
0.0516707023172 9297.32100807
0.0528757251473 9147.3452991
0.0541088505569 9001.63442512
0.0553707339319 8858.52953274
0.0566620459427 8716.66487412
0.0579834729003 8574.34014338
0.0593357171215 8429.58236381
0.0607194973018 8280.79054672
0.0621355488977 8125.93992435
0.0635846245175 7962.16129037
0.0650674943208 7786.75842382
0.0665849464288 7599.65251511
0.0681377873423 7403.42762404
0.0697268423707 7199.55912518
0.0713529560707 6984.36620459
0.073016992695 6752.95556951
0.0747198366518 6505.76382204
0.0764623929745 6249.16953715
0.0782455878034 5990.26812817
0.0800703688772 5732.28031375
0.081937706037 5477.59077411
0.0838485917419 5229.33040116
0.0858040415962 4991.00183558
0.0878050948895 4765.64509227
0.0898528151486 4556.45711621
0.0919482907033 4367.03490713
0.0940926352645 4197.33417026
0.096286988516 4048.16271107
0.0985325167205 3919.39332791
0.100830413339 3810.01431625
0.103181899667 3718.20867112
0.10558822548 3641.05683173
0.1080506697 3574.11866421
0.110570541077 3512.08490325
0.113149178881 3450.67448692
0.115787953615 3385.44290884
0.118488267744 3313.28017407
0.121251556442 3230.89548088
0.124079288351 3136.04907258
0.126972966364 3029.15930191
0.129934128423 2911.88213902
0.132964348338 2786.17736982
0.13606523662 2655.72048033
0.13923844134 2524.65503909
0.142485649006 2398.65186311
0.145808585453 2282.6090624
0.14920901677 2179.92348883
0.152688750228 2092.31024069
0.156249635249 2019.7004302
0.159893564385 1960.7285443
0.163622474325 1912.55891178
0.167438346923 1872.15987758
0.171343210252 1834.17787131
0.175339139684 1794.16597539
0.179428258988 1748.46968455
0.183612741466 1695.1041839
0.1878948111 1633.85517161
0.19227674374 1566.58823518
0.196760868312 1497.31872773
0.201349568053 1429.80876361
0.206045281784 1367.53019485
0.210850505198 1313.08443425
0.215767792192 1267.22959718
0.220799756224 1229.52008056
0.225949071701 1198.30514135
0.231218475398 1169.26776292
0.236610767918 1139.2854506
0.242128815175 1106.13491992
0.247775549921 1069.30454516
0.253553973302 1029.89640578
0.259467156455 989.999930175
0.265518242142 952.393950986
0.271710446413 918.752192574
0.278047060324 889.633281873
0.284531451681 864.247586366
0.291167066832 840.911863329
0.297957432497 817.872461939
0.304906157644 793.689550442
0.312016935406 768.262020652
0.319293545045 742.612746606
0.326739853959 718.035271746
0.33435981974 695.389794037
0.342157492274 674.931724455
0.350137015895 656.176018451
0.35830263159 638.093792374
0.366658679249 619.890345049
0.375209599975 601.544635254
0.38395993844 583.505098055
0.392914345307 566.302018878
0.402077579696 550.23016961
0.411454511715 535.195123272
0.421050125049 520.686009975
0.43086951961 506.39723328
0.440917914245 492.335286614
0.451200649509 478.705046796
0.461723190509 465.684750493
0.472491129801 453.273795663
0.483510190369 441.353476987
0.494786228662 429.727112267
0.50632523771 418.383611323
0.518133350306 407.409726705
0.530216842269 396.837280894
0.542582135775 386.63078115
0.555235802776 376.749372005
0.568184568486 367.150308332
0.581435314964 357.836746711
0.594995084763 348.807909641
0.608871084677 340.050151956
0.623070689573 331.547409242
0.637601446308 323.286399009
0.65247107774 315.288763183
0.667687486834 307.496941642
0.683258760862 299.922569833
0.6991931757 292.539123015
0.715499200228 285.343636724
0.73218550083 278.332707988
0.749260946001 271.511477969
0.766734611059 264.883236148
0.784615782971 258.408788953
0.802913965285 252.082209875
0.821638883186 245.905206492
0.840800488659 239.873201136
0.860408965784 233.980309111
0.880474736142 228.250789222
0.901008464363 222.639372897
0.922021063785 217.156499977
0.94352370226 211.788328868
0.965527808087 206.531110904
0.988045076087 201.387156233
1.01108747382 196.359582686
1.03466724794 191.457767244
1.0587969307 186.6415885
1.08348934665 181.924338528
1.10875761939 177.313043032
1.1346151786 172.777717852
1.16107576714 168.334132791
1.18815344838 164.0049668
1.21586261367 159.750697398
1.24421798996 155.590264897
1.27323464769 151.496458273
1.30292800871 147.477957137
1.33331385458 143.544637525
1.36440833487 139.69202406
1.39622797577 135.923626976
1.42878968891 132.230583431
1.46211078031 128.602230902
1.49620895958 125.046194084
1.53110234933 121.554241069
1.56680949484 118.13427316
1.60334937386 114.792601373
1.64074140675 111.52631146
1.67900546674 108.312639954
1.71816189057 105.174399285
1.75823148922 102.08960682
1.79923555903 99.0662258278
1.84119589299 96.107739699
1.88413479233 93.2257678656
1.92807507837 90.40013205
1.97304010465 87.6326596841
2.01905376934 84.9243119404
2.06614052795 82.2759935317
2.11432540632 79.683515877
2.16363401392 77.1532752763
2.21409255746 74.6853302543
2.26572785483 72.2733095135
2.31856734935 69.9154683566
2.37263912434 67.6123322714
2.42797191805 65.361830022
2.48459513897 63.1663640052
2.54253888139 61.0305998756
2.60183394147 58.9494754429
2.66251183357 56.9186345484
2.72460480697 54.9399747821
2.78814586308 53.0101925502
2.85316877293 51.1302576242
2.91970809513 49.305673768
2.98779919422 47.5341036121
3.05747825952 45.8084062314
3.1287823243 44.1310799997
3.2017492855 42.5002351144
3.27641792386 40.9150616898
3.35282792454 39.3739009126
3.4310198982 37.8875656798
3.51103540258 36.4438109407
3.59291696462 35.0425681988
3.67670810302 33.6836857857
3.76245335139 32.36693671
3.85019828192 31.0900837469
3.93998952961 29.8577970851
4.03187481703 28.6693909941
4.1259029797 27.5184363105
4.22212399203 26.4049334547
4.32058899393 25.3283884738
4.42135031793 24.2872558708
4.524461517 23.2821458121
4.62997739306 22.3171449588
4.73795402607 21.386248932
4.84844880383 20.4876896505
4.96152045251 19.6208471227
5.07722906781 18.7845589938
5.19563614699 17.9792846764
5.31680462145 17.2052257526
5.44079889024 16.4621625189
5.56768485429 15.7476198772
5.6975299514 15.0593279059
5.83040319211 14.3980223255
5.96637519636 13.7610512033
6.10551823104 13.1485749918
6.24790624838 12.5640589817
6.39361492529 12.0024168646
6.54272170353 11.4634723778
6.6953058309 10.9460435944
6.85144840336 10.4486582124
7.01123240812 9.97176869615
7.17474276776 9.5151026422
7.34206638535 9.07958468533
7.51329219064 8.66197251669
7.68851118734 8.26155420223
7.86781650147 7.87780987927
8.05130343085 7.51020892529
8.23906949578 7.15805720484
8.43121449083 6.8228774298
8.62784053791 6.50259278441
8.82905214055 6.19605242929
9.03495623939 5.90274120784
9.2456622691 5.62215162464
9.46128221645 5.35378443732
9.68193067992 5.09755633954
9.90772493054 4.85418734549
10.1387849742 4.62135226382
10.3752336156 4.39890570583
10.6171965233 4.18683655156
10.8648022966 3.9839464865
11.1181825338 3.78985441642
11.3774719025 3.60583695619
11.6428082106 3.43038098537
11.9143324801 3.26314694796
12.1921890216 3.1036703634
12.4765255114 2.95119065937
12.7674930695 2.80601796669
13.0652463405 2.66725670217
13.3699435754 2.5361382939
13.6817467158 2.41100098484
14.0008214798 2.29179718818
14.3273374505 2.17810198791
14.6614681657 2.06988167074
15.0033912105 1.9664618199
15.3532883113 1.8686301056
15.7113454327 1.77544891219
16.0777528761 1.68682013934
16.4527053812 1.60238013752
16.8364022289 1.52205121159
17.229047348 1.44545699992
17.6308494227 1.37252709528
18.0420220044 1.30369322128
18.4627836245 1.23815330349
18.8933579108 1.17567020662
19.3339737065 1.11625862129
19.7848651918 1.05973987623
20.246272008 1.0058858684
20.7184393852 0.954901362704
21.2016182728 0.906597092509
21.6960654722 0.860667024302
22.2020437741 0.81688841672
22.7198220977 0.775259627596
23.2496756335 0.735693786876
23.7918859901 0.698039371379
24.3467413434 0.662532411394
24.9145365899 0.628794346086
25.4955735034 0.596684527973
26.0901608954 0.566145290768
26.6986147795 0.537123556223
27.3212585389 0.509531656454
27.9584230985 0.483381071184
28.6104471008 0.458651283826
29.2776770859 0.435151812627
29.9604676755 0.412803256983
30.6591817616 0.391563154476
31.3741906993 0.37138517087
32.1058745041 0.352202123714
32.8546220539 0.33409745566
33.6208312958 0.31691826569
34.4049094573 0.300594564531
35.2072732632 0.285090436115
36.0283491566 0.270360238303
36.8685735258 0.256355933912
37.7283929364 0.243091991268
38.6082643682 0.230579101756
39.5086554585 0.218675259362
40.4300447503 0.207364465003
41.3729219468 0.196622330455
42.3377881719 0.186430397889
43.3251562361 0.17673682815
44.3355509093 0.167586211509
45.3695091997 0.158923183345
46.4275806391 0.150694060399
47.5103275751 0.142879632722
48.6183254699 0.135452706379
49.7521632063 0.128403739103
50.9124434003 0.121719705121
52.0997827218 0.115417617255
53.3148122223 0.109430256563
54.5581776698 0.10374471354
55.8305398927 0.0983522709439
57.1325751306 0.0932296202934
58.4649753939 0.0883637608743
59.8284488315 0.0837702980955
61.223720107 0.0794216578476
62.6515307843 0.0752926816928
64.1126397213 0.0713722282629
65.6078234733 0.0676508855494
67.1378767061 0.064119732357
68.7036126176 0.0607668994241
70.305863371 0.057611440102
71.945480536 0.0546144266103
73.6233355424 0.0517698809899
75.3403201425 0.0490689329563
77.0973468855 0.0465050858329
78.8953496021 0.044072381905
80.7352839013 0.0417719849213
82.618127678 0.0395984740562
84.5448816326 0.037535592027
86.5165698034 0.0355766818021
88.5342401101 0.0337173164092
90.5989649115 0.0319529849909
92.7118415747 0.0302779054734
94.8739930592 0.0287016028887
97.0865685128 0.0272058651718
99.350743883 0.0257860959417
101.667722542 0.0244383562239
104.038735926 0.0231594633357
106.465044189 0.0219451843597
108.947936875 0.0207985606875
111.4887336 0.0197122299371
114.088784756 0.0186845706957
116.749472227 0.0177075835097
119.472210125 0.0167818312694
122.258445541 0.0159017286038
125.109659313 0.0150674696021
128.027366814 0.0142820163192
131.013118758 0.0135367797628
134.068502023 0.0128283629829
137.195140495 0.0121566697293
140.394695931 0.0115205964677
143.668868842 0.0109165494526
147.019399397 0.0103443398125
150.448068349 0.00980342006221
153.956697978 0.00929166370883
157.547153063 0.00880566928159
161.221341873 0.00834398753452
164.981217178 0.00790621574804
168.828777291 0.00749138794906
172.766067126 0.00709947682868
176.795179289 0.00672873576205
180.918255186 0.00637710639862
185.137486164 0.0060431197062
189.455114675 0.005726232636
193.873435468 0.00542559887786
198.394796809 0.00514096429724
203.021601725 0.00487236602771
207.756309289 0.00461782255971
212.601435919 0.00437610257151
217.559556721 0.00414668902093
222.633306854 0.003929108561
227.825382933 0.00372242196624
233.138544461 0.00352763387554
238.575615297 0.00334328571182
244.139485155 0.00316833505821
249.833111139 0.00300244560598
255.659519319 0.00284486787021
261.621806334 0.00269531267615
267.723141043 0.00255370808769
273.966766204 0.00242041520316
280.356000203 0.00229385031645
286.894238811 0.00217371133645
293.584956995 0.00205974917241
300.431710762 0.00195157858287
307.43813905 0.0018489027832
314.607965659 0.0017520318353
321.945001235 0.00166056350933
329.453145292 0.00157366476235
337.136388285 0.00149118901898
344.998813731 0.00141293357638
353.044600381 0.00133864756287
361.278024438 0.00126821674392
369.703461832 0.00120197582643
378.325390544 0.00113913206578
387.148392987 0.00107939959132
396.177158443 0.00102282887417
405.416485553 0.000969114917118
414.871284866 0.000918153462936
424.546581454 0.000870016471365
434.447517577 0.000824518579145
444.579355421 0.000781379975935
454.94747989 0.000740435519405
465.557401474 0.00070157352169
476.414759171 0.000664691934013
487.525323487 0.000629721963047
498.894999507 0.000596787150599
510.529830025 0.000565575920881
522.435998763 0.000535958480963
534.619833655 0.000507845507404
547.087810208 0.000481178759951
559.846554947 0.00045587531882
572.902848936 0.000431939003161
586.26363138 0.000409355005274
599.936003316 0.000387928794044
613.927231384 0.000367596859399
628.244751693 0.000348306430345
642.896173771 0.000329996936608
657.889284606 0.000312640243929
673.232052791 0.000296273132894
688.932632755 0.000280774348508
704.9993691 0.000266074455868
721.44080103 0.000252112446098
738.265666898 0.00023887201887
755.482908844 0.000226308063493
773.101677547 0.000214424448639
791.131337096 0.000203215394773
809.581469958 0.000192578372739
828.461882074 0.000182483231497
847.782608075 0.000172902162641
867.553916609 0.000163815638464
887.786315802 0.000155196789768
908.490558841 0.000147068686017
929.677649692 0.00013937599229
951.358848945 0.000132077674055
973.545679802 0.000125152635453
996.249934199 0.000118575580862
1019.48367907 0.000112331641274
1043.25926278 0.000106434217198
1067.58932165 0.000100882591734
1092.48678672 9.55991391805e-05
1117.96489057 9.05794967621e-05
1144.03717439 8.58285268187e-05
1170.71749519 8.13130528458e-05
1198.02003311 7.70385864829e-05
1225.959299 7.29970857359e-05
1254.55014212 6.91879284095e-05
1283.80775804 6.55608344641e-05
1313.7476967 6.21240247259e-05
1344.38587069 5.88585294795e-05
1375.73856368 5.57678031475e-05
1407.82243913 5.28271668203e-05
1440.65454908 5.00711489279e-05
1474.25234327 4.7449376672e-05
1508.63367837 4.49634859758e-05
1543.81682748 4.26044062136e-05
1579.82048989 4.03640300579e-05
1616.66380094 3.82420339839e-05
1654.36634225 3.6235053209e-05
1692.94815211 3.43378586191e-05
1732.4297361 3.25408916144e-05
1772.83207804 3.0833353429e-05
1814.17665112 2.92148446066e-05
1856.48542929 2.76801773959e-05
1899.78089898 2.62216508451e-05
1944.08607102 2.48508467237e-05
1989.42449287 2.35497825692e-05
2035.82026118 2.23159731724e-05
2083.29803451 2.11442921089e-05
2131.88304654 2.0035342469e-05
2181.60111939 1.89797728462e-05
2232.47867741 1.79840099665e-05
2284.54276118 1.70435258634e-05
2337.82104191 1.61518084983e-05
2392.34183612 1.53048879777e-05
2448.13412074 1.45012560561e-05
2505.22754843 1.37391614141e-05
2563.65246342 1.30162749557e-05
2623.43991759 1.23346224758e-05
2684.621687 1.16885030988e-05
2747.23028874 1.10763667457e-05
2811.29899826 1.04953510313e-05
2876.86186702 9.94420192193e-06
2943.95374062 9.42103796799e-06
3012.61027729 8.92599032447e-06
3082.86796684 8.45919881494e-06
3154.76415008 8.01619904825e-06
3228.33703866 7.59609645937e-06
3303.62573536 7.19719784632e-06
3380.67025487 6.81880515773e-06
3459.51154511 6.46009412797e-06
3540.19150892 6.12165526603e-06
3622.75302637 5.80154413496e-06
3707.23997756 5.49763821996e-06
3793.69726591 5.20921595692e-06
3882.17084205 4.93552013865e-06
3972.70772824 4.67601445459e-06
4065.35604334 4.43003916711e-06
4160.16502841 4.19847729998e-06
4257.18507287 3.9786988953e-06
4356.46774128 3.77014248864e-06
4458.06580075 3.57222604583e-06
4562.03324898 3.38446523555e-06
4668.42534295 3.20639017273e-06
4777.29862832 3.03839492432e-06
4888.71096946 2.87943663339e-06
5002.72158018 2.72862055206e-06
5119.39105527 2.58549064718e-06
5238.78140262 2.449654283e-06
5360.95607626 2.32087356609e-06
5485.98001 2.19876686819e-06
5613.91965202 2.08381314488e-06
5744.84300014 1.97472077613e-06
5878.81963796 1.87122152627e-06
6015.92077187 1.77303133086e-06
6156.21926887 1.67980642319e-06
6299.78969531 1.59139313151e-06
6446.7083565 1.50800809666e-06
6597.05333732 1.42914358776e-06
6750.90454363 1.35426332165e-06
6908.34374484 1.2832227604e-06
7069.4546173 1.21586799453e-06
7234.32278878 1.15197991269e-06
7403.03588401 1.09122288919e-06
7575.68357123 1.03423533104e-06
7752.35760985 9.80102847615e-07
7933.15189922 9.28729973084e-07
8118.16252854 8.79993821421e-07
8307.48782792 8.33759855951e-07
8501.22842064 7.89889311761e-07
8699.48727665 7.48446947486e-07
8902.36976727 7.09297840878e-07
9109.98372122 6.72143324501e-07
9322.4394819 6.36897871387e-07
9539.84996606 6.03453261258e-07
9762.33072381 5.71732299773e-07
9990.0 5.41638797372e-07
